0.0199321  0.00704676  0.0267864  -0.768558  0.12706  0.0265437  
0.0041137  0.00616261  0.0224112  -0.669414  0.60401  -0.42375  
0.00793302  0.00481588  0.0182548  -0.609289  0.170749  -0.161043  
0.00703674  0.00392779  0.0168972  -0.568209  0.312038  -0.242591  
0.00699988  0.00459521  0.0153937  -0.522626  0.375979  -0.147382  
0.00740201  0.00385207  0.014846  -0.496017  0.25303  -0.111977  
0.00935774  0.00277548  0.0122938  -0.433548  0.124972  -0.202298  
0.00855069  0.00221474  0.0119487  -0.419432  0.387309  -0.253889  
0.00802582  0.00253357  0.0121642  -0.392103  0.309133  -0.201301  
0.00973965  0.00246816  0.0111334  -0.363428  0.123714  -0.228664  
0.00902213  0.00165872  0.0110833  -0.34884  0.367354  -0.285202  
0.00835953  0.0014383  0.0109288  -0.343493  0.341543  -0.182815  
0.00930703  0.000824465  0.00959944  -0.300934  0.14678  -0.198978  
0.00798587  0.000259103  0.00938481  -0.315685  0.222521  -0.240528  
0.00746015  0.00156438  0.00963601  -0.34233  0.26977  -0.145034  
0.00646708  0.00169691  0.00948957  -0.348195  0.0512606  -0.253129  
0.0056388  0.00160825  0.00979449  -0.369083  0.289951  -0.217398  
0.00545897  0.00185099  0.00903042  -0.334288  0.118164  -0.176485  
0.00596526  0.00137119  0.00669568  -0.282274  0.115055  -0.286884  
0.0108404  0.0025364  0.00773892  -0.235319  0.343161  -0.166859  
0.00995042  0.00238504  0.00800377  -0.238182  0.137032  -0.146981  
0.0106612  0.00216055  0.00916612  -0.277156  0.0898781  -0.188794  
0.030047  0.00689858  0.0170858  -0.390806  0.443113  -0.110672  
0.0235361  0.00558382  0.0190483  -0.286564  0.108959  0.0436947  
0.0101576  0.00351246  0.0120429  -0.256733  0.317919  -0.0199189  
0.0107257  0.00306431  0.0121974  -0.292775  0.205265  0.0576526  
0.0110843  0.00283437  0.0109616  -0.236282  0.0792913  -0.00517025  
0.0102392  0.00149086  0.0086186  -0.196088  0.231882  -0.133383  
0.00938313  0.00168176  0.0077086  -0.176135  0.283558  -0.0521396  
0.0105715  0.0015486  0.00687813  -0.117755  0.137751  -0.047544  
0.0114701  0.00084242  0.00590271  -0.0530889  0.0821825  -0.119989  
0.0105722  0.00105359  0.00570261  -0.07638  0.323699  -0.115313  
0.0102338  0.00123564  0.00705717  -0.142458  0.265119  -0.065352  
0.0105172  0.00107633  0.0069277  -0.126314  0.17651  -0.0658841  
0.0126641  0.00058928  0.00673586  -0.0892834  0.0755968  -0.145709  
0.0110296  0.00043593  0.00725225  -0.140256  0.321584  -0.108796  
0.0104989  0.000187164  0.00752726  -0.165434  0.236819  -0.0309566  
0.0104473  -0.000398451  0.00632693  -0.114181  0.133419  -0.0419494  
0.0114977  -0.00154156  0.00550224  -0.0465957  0.0683834  -0.123015  
0.0101221  -0.000176007  0.00580829  -0.0516637  0.304906  -0.198624  
0.0105621  -0.000677285  0.00637122  -0.0768973  0.250172  -0.0742796  
0.0107123  -0.000757417  0.00596373  -0.0663167  0.17412  -0.0537824  
0.0121429  -0.00197229  0.00586391  -0.0655223  0.0437724  -0.0755329  
0.0117596  -0.00164068  0.00572347  -0.0761167  0.299439  -0.136489  
0.0106701  -0.00122467  0.00604231  -0.084642  0.289079  -0.0755062  
0.0107565  -0.00144455  0.00604231  -0.0861184  0.194352  -0.0632453  
0.0123531  -0.00223679  0.00521821  -0.0504605  0.0246237  -0.108303  
0.0110144  -0.00145297  0.00323813  -0.0183236  0.194396  -0.293861  
0.0103288  0.000825767  0.00782259  -0.156256  0.278492  -0.129315  
0.0103038  0.000625489  0.00782259  -0.153011  0.10408  -0.0613837  
0.00975613  -0.000679716  0.00663338  -0.134796  0.0187048  -0.0411522  
0.00761471  -0.000483804  0.00604973  -0.148179  0.234269  -0.129665  
0.00755954  5.34669e-05  0.00565662  -0.135002  0.197278  -0.0703397  
0.00782718  0.000166524  0.00578207  -0.122614  0.151988  -0.0474356  
0.0087811  -0.000362958  0.00586197  -0.111319  0.146707  -0.0266153  
0.0095942  -0.00128697  0.00535031  -0.106125  0.0268395  -0.0396374  
0.00908194  -0.00168236  0.00497726  -0.106931  0.227365  -0.13728  
0.0079514  -0.00135345  0.00559268  -0.143971  0.291732  -0.0564499  
0.0085831  -0.00140943  0.00551105  -0.125906  0.135203  -0.0618544  
0.0130806  0.000884835  0.0123501  -0.325697  0.0378357  -0.0531799  
0.0238133  0.00491904  0.0180065  -0.294608  0.389259  -0.200404  
-0.000440425  0.00332283  0.0110816  -0.351338  0.262508  -0.402694  
0.000908019  0.00117156  0.0102905  -0.343317  0.0466827  -0.30985  
-0.000149116  0.000598678  0.00583008  -0.202968  0.293564  -0.383614  
0.000492106  0.00145985  0.00484771  -0.182952  0.166005  -0.232773  
0.00500049  0.00110049  0.00525476  -0.197585  -0.042586  -0.100116  
0.00760643  0.000309689  0.00656751  -0.225563  0.0733661  -0.0152445  
0.00539314  0.00156081  0.00642457  -0.249951  0.0824782  0.234993  
0.00492784  0.00235788  0.0102299  -0.299868  -0.197994  0.438229  
0.00443223  0.00236859  0.00980057  -0.306836  -0.330293  0.420094  
0.00896252  0.00161  0.00520162  -0.150421  0.0587598  0.0918164  
0.0132014  0.00393723  0.00361802  -0.071728  0.0660559  0.267254  
0.0117592  0.00368817  0.00467314  -0.0734125  -0.00887091  0.123871  
0.00922993  0.00156316  0.00114846  0.0214146  0.289646  -0.00281608  
0.00932858  0.00168457  0.000275649  0.050354  0.130377  0.0408358  
0.0100932  0.00167619  -0.000468641  0.117467  0.0541279  0.0801497  
0.0107508  0.00170434  -0.00130166  0.130596  -0.0275544  0.0581153  
0.00889002  0.00155017  -0.00177887  0.119293  0.246087  0.0178756  
0.00880971  0.00170434  -0.000326591  0.058474  0.172827  0.0716106  
0.00915684  0.00154925  -0.000871424  0.0881927  0.0438464  0.103212  
0.0100338  0.00112875  -0.00188271  0.136831  -0.00354097  0.0425373  
0.00898277  0.00132193  -0.00212631  0.141508  0.21722  0.0349734  
0.0350792  0.00372796  0.00496118  0.171545  0.247334  0.284927  
0.026112  0.00277374  0.00380645  0.102385  0.228193  0.319812  
0.0237468  0.00232579  0.00593532  0.0537415  0.135817  0.635664  
0.0172459  0.00447353  0.00588807  0.00448287  0.0573206  0.472359  
0.0122937  0.00335807  0.00396891  -0.113276  -0.0717634  0.685578  
0.0121641  0.00335701  0.00574764  -0.0446963  0.322203  0.310133  
0.00639241  0.00301617  0.00629139  -0.0274641  0.0242791  0.291103  
0.00534458  0.00134847  0.00248874  0.029329  0.00717106  0.115915  
0.0068964  0.00243398  0.00282217  0.0423913  0.252816  0.0771002  
0.00719723  0.00221304  0.002595  0.0574657  0.158358  0.132878  
0.00845455  0.00186017  0.0032246  0.0359236  -0.0203582  0.103639  
0.00827519  0.00167579  0.00244604  0.0259513  0.122902  -0.00029136  
0.00828979  0.00123249  0.00219604  0.0698127  0.265541  0.0250044  
0.00885453  0.00185819  0.00142908  0.11506  0.113231  0.0590487  
0.00943265  0.00136659  0.00119748  0.0995887  -0.0282736  0.0213888  
0.00870268  0.00114601  0.00105928  0.0788465  0.252082  -0.106106  
0.00857985  0.00167565  0.000922492  0.063448  0.24544  -0.0470251  
0.00835565  0.00136649  0.000227621  0.0893534  0.108967  -0.0629865  
0.00898301  0.000974238  3.38472e-05  0.124141  0.00650611  -0.116825  
0.00957314  0.00068598  3.38472e-05  0.101441  0.168821  -0.120419  
0.00803709  0.000685979  3.38472e-05  0.0774386  0.256579  0.017505  
0.00905353  0.00068598  0.000205249  0.0553687  0.0597274  0.0518045  
0.00901048  0.000255242  -0.000453328  0.0592533  0.0885687  -0.047326  
0.0072407  0.000253538  -0.000869468  0.0684512  0.259939  0.0582091  
0.00841602  0.000860592  -0.000503202  0.0648284  -0.000147649  0.153106  
0.00958407  0.000398195  -0.000340344  0.0510333  0.0847631  0.0466368  
0.00686007  0.00105228  -0.0015043  0.121997  0.216021  -0.122508  
0.00973418  0.00137693  -0.00203716  0.139622  0.0561178  -0.0423565  
0.0117209  0.00118953  -0.00149183  0.148653  -0.000753635  -0.099478  
0.0103906  0.000733114  -0.00172336  0.12183  0.181442  -0.00296647  
0.00969684  0.000781919  -0.00211782  0.121754  0.136867  0.0693086  
0.0106988  0.000811873  -0.00240661  0.147414  0.08923  0.0420891  
0.0118517  0.000293159  -0.00259803  0.16694  0.00550209  -0.0529634  
0.0117874  1.5419e-05  -0.00259912  0.162894  0.133957  -0.0726682  
0.00998715  0.000254022  -0.00395857  0.173389  0.251216  -0.0359349  
0.00994644  0.00138521  -0.00178834  0.0874422  0.0296169  0.0732876  
0.00222885  0.000708648  -0.00264568  0.123392  0.0363404  0.236354  
-0.009882  0.00113962  -0.00121779  -0.0309257  0.121645  0.0150719  
-0.0060695  -0.000289277  -0.000631881  -0.105025  -0.0799991  0.216018  
-0.00416701  0.000258252  4.77481e-05  -0.00086059  0.224804  0.116211  
-0.0031966  -0.00038724  -0.000159457  -0.0109488  0.00420089  0.0445948  
0.000913593  -0.000490074  -0.00134758  0.0282508  0.148012  -0.249801  
0.00152878  -0.000120258  -0.00120725  0.0182186  0.230906  -0.227317  
0.00410765  0.000379816  -0.0014797  0.0586425  0.0880347  -0.150004  
0.00570771  -8.11703e-05  -0.00242984  0.105527  0.0321203  -0.17953  
0.0060643  -0.000401909  -0.0016497  0.078558  0.219994  -0.155494  
0.0074764  -0.000307557  -0.000876137  0.0499406  0.176023  -0.0583401  
0.00787208  0.000216101  -0.000655628  0.0686806  0.00734176  -0.0867858  
0.0132965  0.000175215  -0.00103143  0.137025  0.145715  -0.159594  
0.022152  0.00215102  -0.000616567  0.127141  0.215105  -0.140891  
0.0122237  0.0010346  -0.00284012  0.136495  0.0121158  -0.175129  
0.00917912  0.0014221  -0.000208816  0.0219219  0.219179  -0.232531  
0.0207356  0.00343002  0.00413377  -0.0586416  -0.0359367  0.278195  
0.0204523  0.00294718  0.00385282  -0.0562673  0.0205362  0.17851  
0.016399  0.00236884  0.00159089  -0.00744515  0.284341  0.0510588  
0.0159527  0.0025872  0.00106765  0.0222511  0.1634  0.0209757  
0.015118  0.00227307  0.000191202  0.0741195  0.0362259  -0.0101969  
0.0128465  0.00155195  -0.000633146  0.0981672  0.00558483  -0.209613  
0.0114166  0.0014741  -0.000634806  0.0943204  0.231897  -0.0856299  
0.0120724  0.00147771  -9.5177e-05  0.0822609  0.125292  -0.00051592  
0.0117616  0.00133478  -9.31734e-05  0.0822691  0.11719  -0.0227354  
0.012718  0.000404747  -0.00127239  0.136878  -0.0309165  -0.029164  
0.0104731  0.000979049  -0.00198055  0.128343  0.222034  -0.231741  
0.00760409  0.00184519  -0.00331423  0.156954  0.112382  -0.240331  
0.0100868  0.00184519  -0.00300355  0.164197  -0.00782039  -0.184381  
0.0100682  0.00127213  -0.00286202  0.148979  0.157977  -0.200589  
0.0092517  0.00165467  -0.002469  0.12404  0.219298  -0.14898  
0.00980878  0.00176853  -0.00240329  0.128648  0.0760575  -0.135965  
0.0109905  0.00144242  -0.00282763  0.146775  0.0309384  -0.249456  
0.00973309  0.00144242  -0.00275482  0.134951  0.196233  -0.181258  
0.00973309  0.00173393  -0.00322721  0.154796  0.111955  -0.142452  
0.0111058  0.00144242  -0.00386329  0.179243  0.0118539  -0.203037  
0.0106448  0.00144242  -0.00404274  0.178257  0.253945  -0.325937  
0.00301239  0.0021861  -0.0033631  0.1207  0.274322  -0.542176  
0.00467918  0.00204538  -0.00409017  0.188816  0.0395715  -0.479008  
0.0172281  0.00263527  -0.00210447  0.161204  0.21742  -0.496737  
0.0197476  0.00364038  -0.000842797  0.199212  0.261579  -0.435611  
0.0217744  0.00282651  -0.000872206  0.203251  0.113861  -0.445977  
0.0179153  0.0020101  -0.00197699  0.219119  0.370624  -0.550062  
0.0156939  0.00265441  -0.00343123  0.295272  0.166607  -0.598268  
0.0151606  0.00195829  -0.00457036  0.301303  -0.0486582  -0.56064  
0.0146047  0.00190236  -0.00505796  0.309015  0.23841  -0.661891  
0.0150313  0.00200387  -0.004845  0.304298  0.304059  -0.531492  
0.0160227  0.00188075  -0.00470685  0.310505  0.195949  -0.519729  
0.0160928  0.00199041  -0.00505796  0.316706  0.193132  -0.525668  
0.0167529  0.00176233  -0.00505797  0.316102  0.0618441  -0.50835  
0.0171029  0.0014164  -0.00505797  0.311961  0.141457  -0.556795  
0.0164101  0.00116066  -0.00505797  0.301484  0.289736  -0.55152  
0.0150472  0.00083435  -0.00555013  0.295464  0.290437  -0.488555  
0.0146666  0.00159823  -0.00561606  0.294976  0.127963  -0.503802  
0.0153907  0.00105981  -0.00555012  0.285865  0.134713  -0.556426  
0.0140802  0.00124379  -0.00600545  0.277713  0.313199  -0.561789  
0.0131612  0.00164948  -0.0061728  0.267349  0.280107  -0.504907  
0.0135451  0.00181234  -0.00641146  0.281056  0.205686  -0.501374  
0.0139718  0.00146269  -0.00698607  0.319021  0.0464806  -0.526668  
0.0111779  0.00172166  -0.00746264  0.307418  0.152131  -0.699043  
0.0119014  0.00208015  -0.00678261  0.234641  0.334588  -0.608068  
0.0117198  0.00229767  -0.00610341  0.250626  0.0238911  -0.359855  
0.0136431  0.00195589  -0.0063314  0.295108  0.176628  -0.396374  
0.0120681  0.00280713  -0.00736985  0.29803  0.360251  -0.526846  
0.0106795  0.00390812  -0.00742845  0.310505  0.212157  -0.56699  
0.0130462  0.003152  -0.00711694  0.318339  0.0202949  -0.485838  
0.0144604  0.0021526  -0.00696259  0.323469  0.230196  -0.597432  
0.0125476  0.00273432  -0.0066771  0.316564  0.331873  -0.607138  
0.0117757  0.00301493  -0.00661603  0.328566  0.199289  -0.598642  
0.0120251  0.00373673  -0.00831695  0.365306  0.0367229  -0.599027  
0.0108093  0.00291029  -0.00734826  0.328104  0.0749508  -0.654571  
0.0102589  0.00314639  -0.00739968  0.303619  0.276906  -0.613178  
0.0113191  0.00312267  -0.00744257  0.332827  0.116038  -0.490191  
0.00908159  0.00178992  -0.00743086  0.287397  0.0570723  -0.346321  
0.00153838  0.00295022  -0.00675726  0.153286  0.355612  -0.634632  
0.00119056  0.00287313  -0.00280773  0.0674705  0.155567  -0.609035  
0.0119513  0.0037112  -0.0039558  0.168692  0.0755366  -0.532935  
0.00905285  0.00383095  -0.00450313  0.179066  0.341208  -0.633677  
0.00801435  0.00407491  -0.00486224  0.176631  0.203651  -0.55251  
0.0105035  0.00360477  -0.00581703  0.217091  0.0589283  -0.546635  
0.00954403  0.0028362  -0.00539903  0.202819  0.198751  -0.596999  
0.00617464  0.0028362  -0.00544357  0.188944  0.270971  -0.464413  
0.00662176  0.00270579  -0.00573233  0.193958  0.164731  -0.482842  
0.0274534  0.00464818  0.00178012  0.0703918  0.105091  -0.515485  
0.0258441  0.0114413  0.00414706  0.204321  0.173128  -0.525197  
0.00535397  0.00970986  -0.0108647  0.530892  0.0384585  -0.49985  
0.00869768  0.00993845  -0.00963742  0.455828  0.356443  -0.68994  
0.00844696  0.011421  -0.0085716  0.439313  0.213613  -0.642639  
0.00870766  0.0111261  -0.00926926  0.483769  0.159486  -0.610367  
0.0101448  0.0105498  -0.0100141  0.499929  0.0340834  -0.586211  
0.00865458  0.0101873  -0.0107493  0.519649  0.158303  -0.708106  
0.00767962  0.0106909  -0.0115225  0.512094  0.275509  -0.703435  
0.0270969  0.0176106  0.0253619  -0.931534  0.0075299  -0.651936  
0.00781028  0.0297072  0.0225147  -0.676398  0.357174  -1.271  
0.00107465  0.0248522  0.0152878  -0.542549  0.0457328  -0.860017  
0.00570742  0.0235204  0.0208186  -0.658866  0.121854  -0.68289  
-0.00485438  0.0315308  0.0318571  -1.06197  0.274008  -0.991813  
-0.0146441  0.0336678  0.0331292  -1.13943  -0.0482364  -0.993743  
-0.0152624  0.0316029  0.0279913  -0.974601  0.0784816  -1.03832  
-0.0142999  0.0312793  0.0263309  -0.960915  0.128429  -0.86012  
-0.0140648  0.0308654  0.0254834  -0.934364  0.0391762  -0.858171  
-0.0120103  0.0292661  0.0255514  -0.939524  -0.0636194  -0.903709  
0.00509111  0.0271845  0.0268422  -0.878328  0.239554  -0.827799  
0.0150408  0.0244925  0.0285273  -0.770858  0.0229044  -0.807835  
0.00491978  0.0230865  0.0249461  -0.755859  0.202192  -0.736335  
0.00184562  0.0212294  0.0200254  -0.603415  -0.0180269  -0.617745  
-0.001582  0.0211652  0.0134493  -0.558141  0.0508413  -0.737531  
-0.00247217  0.0235988  0.0162921  -0.684999  0.177482  -0.629787  
0.0277031  0.0191458  0.0280354  -0.873356  0.0816502  -0.197283  
0.0318947  0.0151106  0.0318487  -0.775781  0.0362946  -0.0820374  
0.0135876  0.0193596  0.0258643  -0.768592  0.154308  -0.0628585  
0.0100049  0.0177422  0.0246707  -0.750773  -0.0169539  -0.207746  
0.00763063  0.0170142  0.021524  -0.678447  0.157763  -0.0813929  
0.00735933  0.017219  0.0210889  -0.68768  0.0297874  -0.0575486  
0.00728093  0.0170237  0.020875  -0.687741  0.0307867  -0.0546637  
0.00802328  0.0155905  0.0196735  -0.592093  -0.061053  -0.123536  
0.00693947  0.0144321  0.016762  -0.509706  0.094493  -0.287128  
0.00588205  0.0153036  0.016618  -0.525583  0.150819  -0.154188  
0.00831844  0.0164897  0.0182169  -0.498772  -0.172122  -0.105852  
0.0068266  0.0159709  0.0195582  -0.509925  -0.0109918  -0.151714  
0.00691453  0.0174915  0.0186335  -0.561154  0.146266  -0.0828955  
0.00937042  0.0182573  0.0200952  -0.584667  -0.0426123  -0.0314123  
0.0173029  0.0165753  0.0196638  -0.47731  -0.047216  -0.0168797  
0.0319002  0.0189055  0.0230961  -0.630554  0.342285  -0.0650731  
0.0119955  0.0148273  0.021324  -0.658782  -0.119827  0.0952181  
-0.000248715  0.0118429  0.0178617  -0.643894  0.157952  -0.185216  
